64, 65, 79, 
64, 79, 74, 
75, 82, 65, 
75, 65, 64, 
78, 83, 82, 
78, 82, 75, 
74, 79, 83, 
74, 83, 78, 
103, 110, 111, 
103, 111, 106, 
68, 69, 110, 
68, 110, 103, 
102, 107, 69, 
102, 69, 68, 
106, 111, 107, 
106, 107, 102, 
93, 88, 66, 
93, 66, 67, 
97, 92, 88, 
97, 88, 93, 
96, 89, 92, 
96, 92, 97, 
67, 66, 89, 
67, 89, 96, 
125, 120, 117, 
125, 117, 124, 
121, 116, 120, 
121, 120, 125, 
71, 70, 116, 
71, 116, 121, 
124, 117, 70, 
124, 70, 71, 
64, 68, 100, 
64, 100, 72, 
72, 100, 101, 
72, 101, 73, 
73, 101, 102, 
73, 102, 74, 
74, 102, 68, 
74, 68, 64, 
65, 69, 107, 
65, 107, 79, 
79, 107, 108, 
79, 108, 80, 
80, 108, 109, 
80, 109, 81, 
81, 109, 69, 
81, 69, 65, 
66, 70, 114, 
66, 114, 86, 
86, 114, 115, 
86, 115, 87, 
87, 115, 116, 
87, 116, 88, 
88, 116, 70, 
88, 70, 66, 
67, 71, 121, 
67, 121, 93, 
93, 121, 122, 
93, 122, 94, 
94, 122, 123, 
94, 123, 95, 
95, 123, 71, 
95, 71, 67, 
64, 67, 96, 
64, 96, 75, 
75, 96, 99, 
75, 99, 76, 
76, 99, 95, 
76, 95, 72, 
72, 95, 67, 
72, 67, 64, 
65, 66, 86, 
65, 86, 81, 
81, 86, 90, 
81, 90, 85, 
85, 90, 89, 
85, 89, 82, 
82, 89, 66, 
82, 66, 65, 
68, 71, 123, 
68, 123, 100, 
100, 123, 127, 
100, 127, 104, 
104, 127, 124, 
104, 124, 103, 
103, 124, 71, 
103, 71, 68, 
69, 70, 117, 
69, 117, 110, 
110, 117, 118, 
110, 118, 113, 
113, 118, 114, 
113, 114, 109, 
109, 114, 70, 
109, 70, 69, 
