-1, -1, -1,A
1, -1 , -1,B
1, 1, -1,C
-1, 1, -1,D
-1, -1, 1,E
1, -1, 1,F
1, 1, 1,G
-1, 1, 1, H0
-0.8, -1, -1,A1
-0.8, -0.8, -1,
-1, -0.8, -1,
-1, -1, -0.8,
-0.8, -1, -0.8,
-0.8, -0.8, -0.8,
-1, -0.8, -0.8,
1, -0.8, -1,B1
0.8, -0.8, -1,
0.8, -1, -1,
1, -1, -0.8,
1, -0.8, -0.8,
0.8, -0.8, -0.8,
0.8, -1, -0.8,
0.8, 1, -1,C1
0.8, 0.8, -1,
1, 0.8, -1,
1, 1, -0.8,
0.8, 1, -0.8,
0.8, 0.8, -0.8,
1, 0.8, -0.8,
-1, 0.8, -1,D1
-0.8, 0.8, -1,
-0.8, 1, -1,
-1, 1, -0.8,
-1, 0.8, -0.8,
-0.8, 0.8, -0.8,
-0.8, 1, -0.8,
-0.8, -1, 1,E1
-0.8, -0.8, 1,
-1, -0.8, 1,
-1, -1, 0.8,
-0.8, -1, 0.8,
-0.8, -0.8, 0.8,
-1, -0.8, 0.8,
1, -0.8, 1,F1
0.8, -0.8, 1,
0.8, -1, 1,
1, -1, 0.8,
1, -0.8, 0.8,
0.8, -0.8, 0.8,
0.8, -1, 0.8,
0.8, 1, 1,G1
0.8, 0.8, 1,
1, 0.8, 1,
1, 1, 0.8,
0.8, 1, 0.8,
0.8, 0.8, 0.8,
1, 0.8, 0.8,
-1, 0.8, 1,H1
-0.8, 0.8, 1,
-0.8, 1, 1,
-1, 1, 0.8,
-1, 0.8, 0.8,
-0.8, 0.8, 0.8,
-0.8, 1, 0.8,